  0              0                0                0             0            0
  1          1,262           72,712           72,704             8            0
  2          2,280          829,392          787,596        41,796            0
  3          3,209          833,816          791,587        42,229            0
  4          4,082          833,744          791,538        42,206            0
  5          5,283          833,800          791,570        42,230            0
  6          6,359        1,345,336        1,288,444        56,892            0
  7          7,297        1,109,464        1,058,177        51,287            0
  8          8,406        1,141,840        1,089,536        52,304            0
  9          9,176        1,141,976        1,089,616        52,360            0
 10          9,796        1,146,448        1,093,584        52,864            0
 11         10,847        1,142,088        1,089,696        52,392            0
 12         11,734        1,142,304        1,089,816        52,488            0
 13         12,740        1,142,392        1,089,856        52,536            0
 14         13,728        1,142,160        1,089,736        52,424            0
 15         14,611        1,142,160        1,089,736        52,424            0
 16         15,181        1,142,296        1,089,856        52,440            0
 17         16,002        1,142,320        1,089,816        52,504            0
 18         16,761        1,142,432        1,089,896        52,536            0
 19         17,710        1,142,584        1,090,016        52,568            0
 20         18,345        1,142,592        1,089,976        52,616            0
 21         19,041        1,144,584        1,091,807        52,777            0
 22         19,799        1,142,488        1,089,936        52,552            0
 23         20,937        1,142,656        1,090,056        52,600            0
 24         21,570        1,142,616        1,090,016        52,600            0
 25         22,201        1,144,440        1,091,599        52,841            0
 26         23,151        1,142,744        1,090,096        52,648            0
 27         24,034        1,142,816        1,090,176        52,640            0
 28         25,049        1,146,416        1,093,382        53,034            0
 29         25,744        1,152,016        1,098,641        53,375            0
 30         26,756        1,142,784        1,090,136        52,648            0
 31         27,260        1,147,544        1,094,492        53,052            0
 32         27,955        1,142,896        1,090,216        52,680            0
 33         28,902        1,149,304        1,096,132        53,172            0
 34         29,659        1,143,160        1,090,416        52,744            0
 35         30,479        1,143,144        1,090,416        52,728            0
 36         31,174        1,143,256        1,090,496        52,760            0
 37         32,058        1,143,096        1,090,336        52,760            0
 38         32,626        1,143,104        1,090,376        52,728            0
 39         33,511        1,143,232        1,090,456        52,776            0
 40         34,457        1,149,776        1,096,452        53,324            0
 41         35,213        1,143,360        1,090,496        52,864            0
 42         36,222        1,145,480        1,092,415        53,065            0
 43         36,980        1,143,592        1,090,656        52,936            0
 44         37,484        1,147,240        1,093,981        53,259            0
 45         38,367        1,161,296        1,107,248        54,048            0
 46         38,998        1,143,496        1,090,656        52,840            0
 47         40,006        1,147,944        1,094,747        53,197            0
 48         40,763        1,143,656        1,090,736        52,920            0
 49         41,519        1,153,504        1,099,744        53,760            0
 50         42,023        1,152,544        1,099,024        53,520            0
 51         42,528        1,143,888        1,090,856        53,032            0
 52         43,032        1,146,848        1,093,598        53,250            0
 53         43,536        1,150,272        1,096,820        53,452            0
 54         44,040        1,143,736        1,090,776        52,960            0
 55         44,544        1,156,320        1,102,488        53,832            0
 56         45,048        1,143,832        1,090,816        53,016            0
 57         46,089        1,136,848        1,084,555        52,293            0
 58         47,289        1,136,576        1,084,346        52,230            0
 59         48,490        1,136,632        1,084,378        52,254            0
 60         49,686        1,136,744        1,084,458        52,286            0
 61         50,890        1,136,576        1,084,338        52,238            0
 62         52,090        1,108,824        1,058,619        50,205            0
 63         53,290        1,108,800        1,058,602        50,198            0
 64         54,490        1,108,856        1,058,634        50,222            0
 65         55,686        1,108,984        1,058,714        50,270            0
 66         56,891        1,108,576        1,058,434        50,142            0
 67         58,091        1,108,688        1,058,514        50,174            0
 68         59,291        1,108,832        1,058,594        50,238            0
 69         60,491        1,108,976        1,058,674        50,302            0
 70         61,687        1,109,088        1,058,754        50,334            0
 71         62,892        1,108,312        1,058,234        50,078            0
 72         64,092        1,108,424        1,058,314        50,110            0
 73         65,292        1,108,536        1,058,394        50,142            0
 74         66,492        1,108,664        1,058,474        50,190            0
 75         67,688        1,108,808        1,058,554        50,254            0
 76         68,892        1,108,000        1,058,034        49,966            0
 77         69,425          381,592          360,313        21,279            0
