  4         15,345        6,689,000        6,441,945       247,055            0
  5         19,921        6,658,032        6,410,867       247,165            0
  6         25,473        6,658,112        6,410,867       247,245            0
  7         32,001        6,618,320        6,371,756       246,564            0
  8         37,505        6,654,944        6,407,951       246,993            0
  9         41,041        6,654,864        6,407,951       246,913            0
 10         45,818        6,658,032        6,410,867       247,165            0
 11         52,074        6,621,040        6,374,141       246,899            0
 12         58,330        6,687,704        6,440,743       246,961            0
 13         64,790        6,623,808        6,376,597       247,211            0
 14         68,326        6,623,632        6,376,629       247,003            0
 15         71,862        6,689,504        6,442,340       247,164            0
 16         75,398        6,655,408        6,408,620       246,788            0
 17         78,934        6,689,120        6,442,009       247,111            0
 18         82,470        6,656,360        6,409,391       246,969            0
 19         86,006        6,688,984        6,441,945       247,039            0
 20         89,542        6,687,632        6,440,706       246,926            0
 21         93,078        6,654,368        6,407,503       246,865            0
 22         97,505        6,654,896        6,407,951       246,945            0
 23        101,041        6,691,432        6,444,754       246,678            0
 24        104,577        6,617,816        6,371,188       246,628            0
 25        110,511        6,654,664        6,407,791       246,873            0
 26        113,793        6,689,280        6,442,340       246,940            0
 27        117,075        6,621,672        6,374,661       247,011            0
 28        120,357        6,658,048        6,410,867       247,181            0
 29        123,639        6,657,544        6,410,387       247,157            0
 30        126,921        6,657,936        6,410,867       247,069            0
 31        130,203        6,687,656        6,440,743       246,913            0
 32        133,485        6,621,664        6,374,805       246,859            0
 33        136,767        6,617,600        6,370,980       246,620            0
 34        140,049        6,620,496        6,373,613       246,883            0
 35        143,331        6,687,520        6,440,581       246,939            0
 36        146,613        6,619,336        6,372,692       246,644            0
 37        149,895        6,657,952        6,410,867       247,085            0
 38        153,177        6,654,928        6,407,951       246,977            0
 39        156,459        6,618,808        6,372,116       246,692            0
 40        159,741        6,650,176        6,403,596       246,580            0
 41        163,023        6,650,240        6,403,652       246,588            0
 42        166,305        6,658,080        6,410,867       247,213            0
 43        169,587        6,687,648        6,440,762       246,886            0
 44        172,869        6,658,032        6,410,867       247,165            0
 45        176,151        6,654,832        6,407,951       246,881            0
 46        179,433        6,688,344        6,441,319       247,025            0
 47        182,715        6,689,184        6,442,073       247,111            0
 48        185,997        6,687,776        6,440,831       246,945            0
 49        189,279        6,650,192        6,403,596       246,596            0
 50        192,472        6,685,840        6,438,997       246,843            0
 51        195,665        6,622,872        6,376,204       246,668            0
 52        198,858        6,685,976        6,439,149       246,827            0
 53        202,051        6,658,032        6,410,867       247,165            0
 54        205,244        6,689,088        6,442,070       247,018            0
 55        208,437        6,654,576        6,407,759       246,817            0
 56        211,630        6,694,536        6,447,479       247,057            0
 57        214,823        6,618,400        6,371,748       246,652            0
 58        218,016        6,654,864        6,407,951       246,913            0
 59        221,209        6,658,016        6,410,867       247,149            0
 60        224,402        6,622,848        6,375,821       247,027            0
 61        227,595        6,657,968        6,410,867       247,101            0
 62        230,788        6,619,568        6,372,681       246,887            0
 63        233,981        6,657,936        6,410,867       247,069            0
 64        237,174        6,655,064        6,408,058       247,006            0
 65        240,367        6,658,000        6,410,867       247,133            0
 66        243,560        6,650,144        6,403,596       246,548            0
 67        246,753        6,657,952        6,410,867       247,085            0
 68        249,946        6,622,448        6,375,405       247,043            0
 69        253,139        6,650,416        6,403,668       246,748            0
 70        256,332        6,658,872        6,411,959       246,913            0
 71        259,525        6,658,256        6,411,123       247,133            0
 72        262,718        6,658,096        6,410,867       247,229            0
 73        265,911        6,623,536        6,376,421       247,115            0
 74        269,104        6,689,152        6,442,070       247,082            0
 75        272,297        6,654,376        6,407,463       246,913            0
 76        275,490        6,658,376        6,411,243       247,133            0
 77        278,683        6,655,944        6,409,124       246,820            0
 78        281,876        6,622,960        6,375,821       247,139            0
 79        285,069        6,654,832        6,407,951       246,881            0
 80        288,262        6,654,696        6,407,783       246,913            0
 81        291,455        6,687,760        6,440,706       247,054            0
 82        294,648        6,619,448        6,372,644       246,804            0
 83        297,841        6,617,944        6,371,268       246,676            0
 84        301,034        6,658,080        6,410,867       247,213            0
 85        304,227        6,654,744        6,407,783       246,961            0
 86        307,420        6,654,928        6,407,993       246,935            0
 87        310,613        6,658,048        6,410,867       247,181            0
 88        313,806        6,658,048        6,410,867       247,181            0
 89        316,999        6,688,920        6,441,945       246,975            0
 90        320,192        6,655,352        6,408,323       247,029            0
 91        323,385        6,658,192        6,410,995       247,197            0