  0              0                0                0             0            0
  1    106,811,996        7,321,624        7,072,686       248,938            0
  2  1,520,298,614        6,689,552        6,442,340       247,212            0
  3  2,757,533,386        6,658,160        6,410,867       247,293            0
  4  4,347,011,381        6,654,744        6,407,783       246,961            0
  5  5,368,054,273        6,654,888        6,407,783       247,105            0
  6  6,809,288,512        6,687,952        6,440,871       247,081            0
  7  7,813,080,719        6,658,160        6,410,867       247,293            0
  8  9,069,878,487        6,654,824        6,407,783       247,041            0
  9 10,011,849,627        6,689,056        6,442,055       247,001            0
 10 11,163,258,445        6,658,080        6,410,867       247,213            0
 11 12,105,183,301        6,618,120        6,371,268       246,852            0
 12 13,606,487,663        6,654,776        6,407,783       246,993            0
 13 14,868,309,964        6,654,840        6,407,783       247,057            0
 14 15,769,459,332        6,689,048        6,441,945       247,103            0
 15 17,393,134,219        6,654,888        6,407,783       247,105            0
 16 19,195,517,940        6,654,840        6,407,783       247,057            0
 17 20,818,993,430        6,654,776        6,407,783       246,993            0
 18 22,442,399,972        6,654,992        6,407,951       247,041            0
 19 23,645,491,386        6,655,040        6,407,951       247,089            0
 20 25,150,468,847        6,658,080        6,410,867       247,213            0
 21 26,654,202,041        6,655,128        6,408,088       247,040            0
 22 27,556,806,819        6,658,144        6,410,867       247,277            0
 23 28,760,299,869        6,654,792        6,407,783       247,009            0
 24 30,265,051,790        6,658,160        6,410,867       247,293            0
 25 31,167,827,322        6,658,032        6,410,867       247,165            0
 26 32,671,611,710        6,655,128        6,408,058       247,070            0
 27 34,176,700,935        6,658,064        6,410,867       247,197            0
 28 35,079,586,785        6,658,096        6,410,867       247,229            0
 29 36,583,146,441        6,655,032        6,408,010       247,022            0
 30 37,544,290,816        6,658,112        6,410,867       247,245            0
 31 39,465,870,246        6,618,120        6,371,268       246,852            0
 32 40,907,978,290        6,658,144        6,410,867       247,277            0
 33 41,868,680,618        6,618,088        6,371,268       246,820            0
 34 42,830,412,905        6,658,160        6,410,867       247,293            0
 35 44,752,104,887        6,624,568        6,377,445       247,123            0
 36 46,194,033,052        6,658,096        6,410,867       247,229            0
 37 47,155,231,075        6,658,112        6,410,867       247,245            0
 38 48,115,850,589        6,619,976        6,372,996       246,980            0
 39 49,077,320,052        6,658,064        6,410,867       247,197            0
 40 50,038,560,150        6,658,032        6,410,867       247,165            0
 41 50,999,182,890        6,623,376        6,376,468       246,908            0
 42 52,441,249,884        6,658,144        6,410,867       247,277            0
 43 54,362,961,005        6,618,528        6,371,748       246,780            0
 44 55,324,600,437        6,658,144        6,410,867       247,277            0
 45 56,285,711,712        6,658,160        6,410,867       247,293            0
 46 57,247,337,321        6,654,872        6,407,783       247,089            0
 47 58,208,382,239        6,654,872        6,407,783       247,089            0
 48 59,169,135,980        6,658,096        6,410,867       247,229            0
 49 60,610,460,642        6,623,728        6,376,597       247,131            0
 50 61,512,037,053        6,658,048        6,410,867       247,181            0
 51 62,413,495,666        6,654,824        6,407,783       247,041            0
 52 63,314,918,610        6,617,992        6,371,268       246,724            0
 53 64,216,461,292        6,658,080        6,410,867       247,213            0
 54 65,117,840,308        6,654,792        6,407,783       247,009            0
 55 66,018,989,956        6,617,680        6,370,948       246,732            0
 56 66,920,594,979        6,617,992        6,371,268       246,724            0
 57 67,822,125,692        6,658,064        6,410,867       247,197            0
 58 68,723,284,552        6,654,408        6,407,463       246,945            0
 59 69,624,436,603        6,687,952        6,440,871       247,081            0
 60 70,525,710,350        6,654,904        6,407,783       247,121            0
