  0              0                0                0             0            0
  1          1,224        6,195,816        5,960,715       235,101            0
  2          3,190        6,162,864        5,927,779       235,085            0
  3          5,193        6,162,864        5,927,779       235,085            0
  4          7,195        6,162,864        5,927,779       235,085            0
  5          9,198        6,162,864        5,927,779       235,085            0
  6         10,980        6,162,864        5,927,779       235,085            0
  7         12,071        7,525,384        7,274,181       251,203            0
  8         13,091        7,347,728        7,096,670       251,058            0
  9         14,567        7,306,136        7,056,212       249,924            0
 10         16,551        7,381,432        7,130,642       250,790            0
 11         18,591        7,381,440        7,130,565       250,875            0
 12         20,639        7,306,464        7,056,242       250,222            0
 13         22,687        7,353,904        7,102,798       251,106            0
 14         24,035        7,335,824        7,085,932       249,892            0
 15         25,707        7,448,576        7,197,909       250,667            0
 16         27,379        7,436,904        7,186,330       250,574            0
 17         29,051        7,315,496        7,064,637       250,859            0
 18         30,723        7,349,104        7,097,838       251,266            0
 19         32,395        7,343,824        7,093,205       250,619            0
 20         34,093        7,305,432        7,055,513       249,919            0
 21         35,869        7,353,096        7,101,958       251,138            0
 22         37,645        7,349,896        7,099,179       250,717            0
 23         39,421        7,315,136        7,064,541       250,595            0
 24         41,197        7,315,408        7,064,698       250,710            0
 25         42,973        7,347,304        7,096,598       250,706            0
 26         44,749        7,381,384        7,130,673       250,711            0
 27         46,797        7,455,712        7,204,572       251,140            0
 28         47,821        7,381,448        7,130,642       250,806            0
 29         48,845        7,450,256        7,199,353       250,903            0
 30         49,869        7,378,792        7,128,658       250,134            0
 31         50,893        7,306,096        7,056,173       249,923            0
 32         51,917        7,348,744        7,097,758       250,986            0
 33         52,941        7,281,792        7,031,118       250,674            0
 34         53,965        7,522,096        7,270,744       251,352            0
 35         54,989        7,446,856        7,196,149       250,707            0
 36         56,533        7,315,432        7,064,589       250,843            0
 37         57,557        7,381,288        7,130,994       250,294            0
 38         58,581        7,270,072        7,020,076       249,996            0
 39         59,605        7,355,560        7,104,161       251,399            0
 40         60,629        7,351,904        7,101,259       250,645            0
 41         61,653        7,343,656        7,093,045       250,611            0
 42         62,677        7,381,328        7,130,605       250,723            0
 43         63,701        7,446,400        7,195,909       250,491            0
 44         64,725        7,302,736        7,053,044       249,692            0
 45         65,749        7,359,456        7,107,826       251,630            0
 46         66,773        7,302,968        7,053,172       249,796            0
 47         67,797        7,356,400        7,105,006       251,394            0
 48         68,821        7,303,984        7,053,591       250,393            0
 49         70,357        7,348,040        7,097,445       250,595            0
 50         71,377        7,306,192        7,056,124       250,068            0
 51         72,397        7,349,936        7,099,251       250,685            0
 52         73,417        7,449,928        7,198,873       251,055            0
 53         74,437        7,315,264        7,064,541       250,723            0
 54         75,457        7,276,144        7,025,329       250,815            0
 55         76,477        7,281,008        7,030,686       250,322            0
 56         77,497        7,347,776        7,097,243       250,533            0
 57         78,517        7,440,784        7,190,426       250,358            0
 58         79,537        7,281,808        7,031,118       250,690            0
 59         80,557        7,306,176        7,056,124       250,052            0
 60         81,577        7,270,608        7,020,510       250,098            0
 61         82,597        7,447,776        7,196,857       250,919            0
 62         83,617        7,349,064        7,098,421       250,643            0
 63         84,637        7,269,584        7,019,940       249,644            0
 64         85,657        7,277,720        7,027,206       250,514            0
 65         86,677        7,381,432        7,130,683       250,749            0
 66         87,697        7,352,416        7,101,450       250,966            0
 67         88,717        7,447,016        7,196,269       250,747            0
 68         89,737        7,345,424        7,094,642       250,782            0
 69         90,757        7,302,720        7,053,044       249,676            0
 70         91,777        7,347,552        7,097,083       250,469            0
 71         92,797        7,372,088        7,121,874       250,214            0
 72         93,817        7,347,664        7,097,083       250,581            0
 73         95,113        6,462,568        6,218,577       243,991            0
 74         96,203        6,462,568        6,218,577       243,991            0
 75         97,301        6,462,568        6,218,577       243,991            0
 76         99,118        6,462,568        6,218,577       243,991            0
 77        100,305        6,462,568        6,218,577       243,991            0
 78        102,123        6,462,568        6,218,577       243,991            0
 79        103,308        6,462,568        6,218,577       243,991            0
 80        105,126        6,462,568        6,218,577       243,991            0
 81        106,196        6,462,568        6,218,577       243,991            0
 82        107,313        6,462,568        6,218,577       243,991            0
 83        109,132        6,462,568        6,218,577       243,991            0
 84        110,317        6,462,568        6,218,577       243,991            0
 85        112,136        6,462,568        6,218,577       243,991            0
 86        113,320        6,462,568        6,218,577       243,991            0
 87        115,140        6,462,568        6,218,577       243,991            0
 88        116,204        6,462,568        6,218,577       243,991            0
 89        117,324        6,462,568        6,218,577       243,991            0
 90        119,145        6,462,568        6,218,577       243,991            0
 91        120,328        6,462,240        6,218,289       243,951            0
