  n       time(ms)         total(B)   useful-heap(B) extra-heap(B)    stacks(B)
  0              0                0                0             0            0
  1          1,260           72,712           72,704             8            0
  2          2,262          850,088          806,783        43,305            0
  3          3,195          833,816          791,587        42,229            0
  4          4,072          833,744          791,538        42,206            0
  5          5,273          833,784          791,570        42,214            0
  6          6,474          833,928          791,650        42,278            0
  7          7,669          834,024          791,730        42,294            0
  8          8,874          833,928          791,650        42,278            0
  9         10,074          834,040          791,730        42,310            0
 10         11,275          834,152          791,810        42,342            0
 11         12,475          834,280          791,890        42,390            0
 12         12,739        1,303,960        1,248,472        55,488            0
 13         13,673          972,288          924,285        48,003            0
 14         14,392        1,010,920          960,288        50,632            0
 15         15,299        1,010,992          960,328        50,664            0
 16         15,843        1,010,928          960,328        50,600            0
 17         16,730        1,035,696          983,472        52,224            0
 18         17,968        1,010,992          960,320        50,672            0
 19         19,316        1,011,064          960,448        50,616            0
 20         20,148        1,024,192          972,310        51,882            0
 21         21,415        1,010,896          960,328        50,568            0
 22         22,247        1,024,408          972,371        52,037            0
 23         23,079        1,035,928          983,576        52,352            0
 24         24,343        1,011,008          960,408        50,600            0
 25         25,380        1,011,160          960,448        50,712            0
 26         26,624        1,012,056          961,088        50,968            0
 27         27,868        1,012,032          961,040        50,992            0
 28         29,112        1,012,184          961,168        51,016            0
 29         30,356        1,012,240          961,208        51,032            0
 30         31,185        1,012,344          961,248        51,096            0
 31         32,429        1,013,416          962,048        51,368            0
 32         33,051        1,013,392          962,088        51,304            0
 33         33,880        1,013,408          962,088        51,320            0
 34         34,502        1,013,480          962,128        51,352            0
 35         35,444        1,022,760          970,981        51,779            0
 36         36,549        1,013,608          962,208        51,400            0
 37         37,637        1,013,624          962,208        51,416            0
 38         38,441        1,015,136          963,208        51,928            0
 39         39,772        1,025,048          972,487        52,561            0
 40         40,591        1,015,232          963,288        51,944            0
 41         41,394        1,015,304          963,328        51,976            0
 42         42,482        1,015,096          963,240        51,856            0
 43         43,026        1,015,280          963,368        51,912            0
 44         44,094        1,043,912          989,708        54,204            0
 45         44,902        1,034,584          981,241        53,343            0
 46         46,249        1,035,136          982,029        53,107            0
 47         46,789        1,043,968          989,820        54,148            0
 48         47,597        1,025,240          972,375        52,865            0
 49         48,417        1,018,848          966,296        52,552            0
 50         48,702        1,018,920          966,336        52,584            0
 51         48,966        1,032,432          978,612        53,820            0
 52         49,246        1,018,984          966,336        52,648            0
 53         49,510        1,046,168          991,878        54,290            0
 54         49,790        1,020,112          967,176        52,936            0
 55         50,054        1,051,112          996,115        54,997            0
 56         50,334        1,021,032          967,856        53,176            0
 57         50,598        1,046,496          991,661        54,835            0
 58         50,862        1,038,024          984,197        53,827            0
 59         51,138        1,021,104          967,896        53,208            0
 60         51,402        1,046,296          991,460        54,836            0
 61         51,682        1,021,088          967,896        53,192            0
 62         51,946        1,045,600          990,835        54,765            0
 63         52,210        1,021,288          968,073        53,215            0
 64         52,486        1,021,176          967,936        53,240            0
 65         52,750        1,035,952          981,410        54,542            0
 66         53,030        1,021,192          967,936        53,256            0
 67         53,294        1,048,768          993,718        55,050            0
 68         53,558        1,039,680          985,457        54,223            0
 69         53,833        1,021,184          967,976        53,208            0
 70         54,097        1,044,704          990,035        54,669            0
 71         54,361        1,035,568          981,842        53,726            0
 72         54,637        1,021,208          968,016        53,192            0
 73         54,901        1,038,512          983,943        54,569            0
 74         55,165        1,041,664          987,556        54,108            0
 75         55,440        1,021,304          968,016        53,288            0
 76         55,705        1,022,992          969,628        53,364            0
 77         56,718        1,020,544          967,472        53,072            0
 78         58,125        1,020,528          967,455        53,073            0
 79         59,325        1,020,640          967,535        53,105            0
 80         60,525        1,020,752          967,615        53,137            0
 81         61,679        1,020,880          967,695        53,185            0
 82         62,686        1,021,496          968,383        53,113            0
 83         63,692          993,072          941,940        51,132            0
 84         64,126          992,920          941,803        51,117            0
 85         65,326          992,976          941,835        51,141            0
 86         66,526          993,104          941,915        51,189            0
 87         67,680          993,264          941,995        51,269            0
 88         68,927          993,048          941,875        51,173            0
 89         70,127          993,176          941,955        51,221            0
 90         71,327          993,320          942,035        51,285            0
 91         71,613          380,040          358,966        21,074            0
