  n       time(ms)         total(B)   useful-heap(B) extra-heap(B)    stacks(B)
  0              0                0                0             0            0
  1          1,266        6,202,256        5,967,139       235,117            0
  2          4,233        6,169,424        5,934,307       235,117            0
  3          7,237        6,169,424        5,934,307       235,117            0
  4          9,239        6,169,424        5,934,307       235,117            0
  5         12,022        6,169,424        5,934,307       235,117            0
  6         15,062        7,530,752        7,279,076       251,676            0
  7         17,592        7,350,752        7,099,883       250,869            0
  8         20,504        7,351,448        7,100,382       251,066            0
  9         23,764        7,318,328        7,067,389       250,939            0
 10         27,140        7,342,688        7,092,322       250,366            0
 11         30,516        7,306,456        7,056,216       250,240            0
 12         34,002        7,339,344        7,089,332       250,012            0
 13         37,554        7,357,712        7,106,286       251,426            0
 14         41,106        7,251,152        7,000,606       250,546            0
 15         44,850        7,454,096        7,202,833       251,263            0
 16         48,786        7,318,784        7,067,669       251,115            0
 17         52,722        7,351,328        7,100,563       250,765            0
 18         54,690        7,454,448        7,203,089       251,359            0
 19         56,658        7,319,376        7,068,687       250,689            0
 20         58,626        7,310,296        7,059,714       250,582            0
 21         60,594        7,359,184        7,107,570       251,614            0
 22         62,562        7,281,240        7,030,454       250,786            0
 23         64,530        7,359,256        7,107,558       251,698            0
 24         66,498        7,356,936        7,105,438       251,498            0
 25         68,466        7,309,368        7,058,890       250,478            0
 26         70,434        7,363,736        7,111,954       251,782            0
 27         72,402        7,363,784        7,111,954       251,830            0
