  0              0                0                0             0            0
  1          1,255           72,712           72,704             8            0
  2          2,289          847,408          804,250        43,158            0
  3          3,219          833,464          791,587        41,877            0
  4          4,075          833,392          791,538        41,854            0
  5          5,276          833,432          791,570        41,862            0
  6          6,363        1,346,368        1,290,303        56,065            0
  7          7,300        1,109,240        1,058,349        50,891            0
  8          8,306        1,150,728        1,096,720        54,008            0
  9          9,132        1,150,672        1,096,760        53,912            0
 10          9,700        1,150,768        1,096,760        54,008            0
 11         10,453        1,171,016        1,115,761        55,255            0
 12         11,341        1,150,968        1,096,840        54,128            0
 13         12,440        1,168,248        1,112,973        55,275            0
 14         13,254        1,150,992        1,096,880        54,112            0
 15         13,771        1,150,832        1,096,720        54,112            0
 16         14,417        1,150,752        1,096,720        54,032            0
 17         15,451        1,150,776        1,096,760        54,016            0
 18         16,097        1,150,976        1,096,928        54,048            0
 19         17,195        1,150,944        1,096,800        54,144            0
 20         17,777        1,150,904        1,096,840        54,064            0
 21         18,294        1,150,888        1,096,840        54,048            0
 22         19,004        1,157,024        1,102,231        54,793            0
 23         19,974        1,152,184        1,097,640        54,544            0
 24         20,491        1,152,120        1,097,640        54,480            0
 25         21,137        1,152,032        1,097,680        54,352            0
 26         22,235        1,166,184        1,111,025        55,159            0
 27         22,817        1,152,184        1,097,720        54,464            0
 28         23,334        1,152,256        1,097,760        54,496            0
 29         23,954        1,152,424        1,097,760        54,664            0
 30         24,884        1,152,528        1,097,800        54,728            0
 31         25,892        1,153,944        1,098,768        55,176            0
 32         26,475        1,153,880        1,098,848        55,032            0
 33         26,991        1,153,752        1,098,760        54,992            0
 34         27,702        1,153,640        1,098,760        54,880            0
 35         28,735        1,153,776        1,098,800        54,976            0
 36         29,640        1,153,880        1,098,840        55,040            0
 37         30,545        1,153,840        1,098,880        54,960            0
 38         31,579        1,153,976        1,098,968        55,008            0
 39         32,419        1,168,168        1,112,007        56,161            0
 40         32,872        1,157,160        1,101,608        55,552            0
 41         33,518        1,157,248        1,101,648        55,600            0
 42         34,035        1,157,296        1,101,648        55,648            0
 43         34,888        1,157,560        1,101,688        55,872            0
 44         35,804        1,173,792        1,117,249        56,543            0
 45         36,478        1,157,424        1,101,728        55,696            0
 46         36,994        1,157,520        1,101,856        55,664            0
 47         37,705        1,157,680        1,101,936        55,744            0
 48         38,222        1,159,424        1,103,168        56,256            0
 49         39,061        1,163,960        1,107,059        56,901            0
 50         39,514        1,159,696        1,103,296        56,400            0
 51         39,967        1,168,152        1,111,062        57,090            0
 52         40,420        1,164,208        1,107,205        57,003            0
 53         40,873        1,173,848        1,116,534        57,314            0
 54         41,326        1,168,120        1,111,024        57,096            0
 55         41,788        1,159,832        1,103,288        56,544            0
 56         42,241        1,178,768        1,121,377        57,391            0
 57         42,694        1,163,088        1,106,092        56,996            0
 58         43,147        1,173,928        1,116,462        57,466            0
 59         43,600        1,174,296        1,116,809        57,487            0
 60         44,063        1,162,648        1,105,048        57,600            0
 61         44,516        1,182,008        1,123,577        58,431            0
 62         44,969        1,167,304        1,109,237        58,067            0
 63         45,422        1,169,488        1,111,223        58,265            0
 64         45,875        1,174,128        1,116,310        57,818            0
 65         46,328        1,172,088        1,113,929        58,159            0
 66         46,788        1,162,360        1,105,128        57,232            0
 67         47,242        1,162,480        1,105,216        57,264            0
 68         47,695        1,176,472        1,118,454        58,018            0
 69         48,156        1,162,640        1,105,168        57,472            0
 70         48,611        1,162,840        1,105,208        57,632            0
 71         49,683        1,153,752        1,097,107        56,645            0
 72         50,903        1,153,216        1,096,698        56,518            0
 73         52,103        1,125,456        1,070,919        54,537            0
 74         53,303        1,125,416        1,070,862        54,554            0
 75         54,504        1,125,472        1,070,894        54,578            0
 76         55,683        1,125,584        1,070,974        54,610            0
 77         56,904        1,125,416        1,070,854        54,562            0
 78         58,104        1,125,528        1,070,934        54,594            0
 79         59,304        1,125,640        1,071,014        54,626            0
 80         60,504        1,125,752        1,071,094        54,658            0
 81         61,684        1,125,880        1,071,174        54,706            0
 82         62,905        1,125,696        1,071,054        54,642            0
 83         64,105        1,125,808        1,071,134        54,674            0
 84         65,305        1,125,936        1,071,214        54,722            0
 85         66,505        1,126,080        1,071,294        54,786            0
 86         67,684        1,126,240        1,071,374        54,866            0
 87         68,905        1,124,632        1,070,294        54,338            0
 88         69,379          491,256          468,679        22,577            0
